1 0.04296875 0.4458272327964861 0.0703125 0.8916544655929722
1 0.1015625 0.2108345534407028 0.091796875 0.3279648609077599
1 0.22265625 0.4743777452415813 0.119140625 0.9487554904831625
1 0.2001953125 0.19765739385065886 0.244140625 0.19912152269399708
1 0.30908203125 0.3594436310395315 0.0966796875 0.27672035139092244
1 0.24072265625 0.17276720351390923 0.3154296875 0.15519765739385066
1 0.2939453125 0.1259150805270864 0.453125 0.06149341142020498
1 0.40869140625 0.4267935578330893 0.3291015625 0.11859443631039532
1 0.337890625 0.14494875549048317 0.53125 0.1698389458272328
1 0.3662109375 0.11054172767203514 0.6171875 0.07759882869692533
1 0.38623046875 0.09956076134699854 0.6884765625 0.0029282576866764276
2 0.49951171875 0.36456808199121526 0.1904296875 0.7291361639824305